################# initiating run #################
run dir has been created in run/attenzione_0/06_10_52_31

batch_size	: 10000
learning_rate	: 0.0038422198275606333
weight_decay	: 0.0003427740602408
dropout	: 0.0038422198275606333
cls_weight_amp	: 1
nr_epochs	: 90
use_cls_weight	: True
trn_nr_pos/neg	: [233, 65]
pos_weight	: [0.27896994]
actual_nr_pos_trn/val	: 233/26

Using cuda device
################# initiated run ##################

epoch	loss		accuracy	pred_pos	true_pos	precision	recall  	time
1/90	0.2015|0.1931	0.2181|0.7647	0|28     	0|23     	0.0|0.82     	0.0|0.88 	10:52:45 saved!
2/90	0.1931|0.1837	0.6745|0.7647	214|34     	175|26     	0.82|0.76     	0.75|1.0 	10:52:53 saved!
3/90	0.183|0.1712	0.7819|0.7647	298|34     	233|26     	0.78|0.76     	1.0|1.0 	10:53:02 saved!
4/90	0.1693|0.1583	0.7819|0.7647	298|34     	233|26     	0.78|0.76     	1.0|1.0 	10:53:11 saved!
5/90	0.1546|0.1498	0.7819|0.7647	298|34     	233|26     	0.78|0.76     	1.0|1.0 	10:53:20 saved!
6/90	0.143|0.1508	0.7819|0.7647	298|34     	233|26     	0.78|0.76     	1.0|1.0 	10:53:28
7/90	0.1403|0.158	0.7819|0.7647	298|34     	233|26     	0.78|0.76     	1.0|1.0 	10:53:37
8/90	0.1435|0.16	0.7819|0.7647	298|34     	233|26     	0.78|0.76     	1.0|1.0 	10:53:45
9/90	0.1436|0.1552	0.7819|0.7647	298|34     	233|26     	0.78|0.76     	1.0|1.0 	10:53:54
10/90	0.1383|0.1475	0.7819|0.7647	298|34     	233|26     	0.78|0.76     	1.0|1.0 	10:54:03 saved!
11/90	0.1316|0.1405	0.7819|0.7647	298|34     	233|26     	0.78|0.76     	1.0|1.0 	10:54:11 saved!
12/90	0.1258|0.136	0.7819|0.7647	298|34     	233|26     	0.78|0.76     	1.0|1.0 	10:54:20 saved!
13/90	0.123|0.1335	0.7819|0.7647	298|34     	233|26     	0.78|0.76     	1.0|1.0 	10:54:28 saved!
14/90	0.1215|0.1316	0.7819|0.7647	298|34     	233|26     	0.78|0.76     	1.0|1.0 	10:54:37 saved!
15/90	0.12|0.1293	0.7819|0.7647	298|34     	233|26     	0.78|0.76     	1.0|1.0 	10:54:45 saved!
16/90	0.1172|0.1264	0.7819|0.7647	298|34     	233|26     	0.78|0.76     	1.0|1.0 	10:54:54 saved!
17/90	0.1128|0.1235	0.7819|0.7647	298|34     	233|26     	0.78|0.76     	1.0|1.0 	10:55:03 saved!
18/90	0.1078|0.1218	0.7886|0.7647	296|34     	233|26     	0.79|0.76     	1.0|1.0 	10:55:11 saved!
19/90	0.1024|0.1214	0.7919|0.7647	295|34     	233|26     	0.79|0.76     	1.0|1.0 	10:55:20 saved!
20/90	0.098|0.1211	0.7953|0.7647	294|34     	233|26     	0.79|0.76     	1.0|1.0 	10:55:28 saved!
21/90	0.0942|0.1195	0.7919|0.7941	293|33     	232|26     	0.79|0.79     	1.0|1.0 	10:55:37 saved!
22/90	0.0903|0.1164	0.8188|0.7941	283|33     	231|26     	0.82|0.79     	0.99|1.0 	10:55:46 saved!
23/90	0.0867|0.1137	0.8456|0.8235	269|32     	228|26     	0.85|0.81     	0.98|1.0 	10:55:54 saved!
24/90	0.0845|0.1128	0.8691|0.8235	258|32     	226|26     	0.88|0.81     	0.97|1.0 	10:56:03 saved!
25/90	0.082|0.114	0.8859|0.8235	251|32     	225|26     	0.9|0.81     	0.97|1.0 	10:56:12
26/90	0.079|0.1164	0.8792|0.8235	255|32     	226|26     	0.89|0.81     	0.97|1.0 	10:56:20
27/90	0.0772|0.1156	0.8658|0.8235	261|32     	227|26     	0.87|0.81     	0.97|1.0 	10:56:29
28/90	0.075|0.1111	0.8826|0.8235	256|30     	227|25     	0.89|0.83     	0.97|0.96 	10:56:38 saved!
29/90	0.0726|0.106	0.8826|0.8824	250|28     	224|25     	0.9|0.89     	0.96|0.96 	10:56:46 saved!
30/90	0.0711|0.1048	0.906|0.8824	243|28     	224|25     	0.92|0.89     	0.96|0.96 	10:56:55 saved!
31/90	0.0688|0.1073	0.9094|0.8529	244|29     	225|25     	0.92|0.86     	0.97|0.96 	10:57:04
32/90	0.067|0.107	0.8993|0.8529	247|29     	225|25     	0.91|0.86     	0.97|0.96 	10:57:13
33/90	0.0651|0.1007	0.9027|0.8824	246|28     	225|25     	0.91|0.89     	0.97|0.96 	10:57:22 saved!
34/90	0.063|0.0984	0.9195|0.8824	241|28     	225|25     	0.93|0.89     	0.97|0.96 	10:57:30 saved!
35/90	0.0609|0.1024	0.9396|0.8529	233|29     	224|25     	0.96|0.86     	0.96|0.96 	10:57:39
36/90	0.0585|0.1023	0.9195|0.8529	243|29     	226|25     	0.93|0.86     	0.97|0.96 	10:57:48
37/90	0.056|0.0975	0.9161|0.8824	246|28     	227|25     	0.92|0.89     	0.97|0.96 	10:57:56 saved!
38/90	0.0534|0.0983	0.953|0.8824	233|28     	226|25     	0.97|0.89     	0.97|0.96 	10:58:05
39/90	0.0506|0.1027	0.953|0.8824	235|30     	227|26     	0.97|0.87     	0.97|1.0 	10:58:13
40/90	0.0484|0.0957	0.943|0.8824	238|28     	227|25     	0.95|0.89     	0.97|0.96 	10:58:22 saved!
41/90	0.0455|0.0975	0.9597|0.9118	233|29     	227|26     	0.97|0.9     	0.97|1.0 	10:58:31
42/90	0.0429|0.095	0.953|0.9118	235|29     	227|26     	0.97|0.9     	0.97|1.0 	10:58:39 saved!
43/90	0.0397|0.086	0.9597|0.8824	235|28     	228|25     	0.97|0.89     	0.98|0.96 	10:58:48 saved!
44/90	0.0377|0.0985	0.9698|0.8824	230|30     	227|26     	0.99|0.87     	0.97|1.0 	10:58:56
45/90	0.0376|0.077	0.953|0.8824	241|28     	230|25     	0.95|0.89     	0.99|0.96 	10:59:05 saved!
46/90	0.0374|0.0938	0.9564|0.8824	220|30     	220|26     	1.0|0.87     	0.94|1.0 	10:59:14
47/90	0.0334|0.0876	0.9664|0.9118	241|29     	232|26     	0.96|0.9     	1.0|1.0 	10:59:22
48/90	0.0296|0.0762	0.9799|0.8824	237|28     	232|25     	0.98|0.89     	1.0|0.96 	10:59:31 saved!
49/90	0.0312|0.0905	0.9698|0.9118	224|29     	224|26     	1.0|0.9     	0.96|1.0 	10:59:40
50/90	0.0267|0.0934	0.9799|0.9118	237|29     	232|26     	0.98|0.9     	1.0|1.0 	10:59:48
51/90	0.0255|0.0803	0.9799|0.8824	239|28     	233|25     	0.97|0.89     	1.0|0.96 	10:59:57
52/90	0.025|0.089	0.9866|0.8824	229|28     	229|25     	1.0|0.89     	0.98|0.96 	11:00:05
53/90	0.0217|0.0993	0.9933|0.9118	233|29     	232|26     	1.0|0.9     	1.0|1.0 	11:00:14
54/90	0.0224|0.0834	0.9832|0.8824	238|28     	233|25     	0.98|0.89     	1.0|0.96 	11:00:23
55/90	0.0204|0.0852	0.9966|0.8824	232|28     	232|25     	1.0|0.89     	1.0|0.96 	11:00:32
56/90	0.0188|0.098	0.9966|0.9118	232|29     	232|26     	1.0|0.9     	1.0|1.0 	11:00:41
57/90	0.0186|0.0857	0.9866|0.8824	237|28     	233|25     	0.98|0.89     	1.0|0.96 	11:00:49
58/90	0.0163|0.0824	1.0|0.8824	233|28     	233|25     	1.0|0.89     	1.0|0.96 	11:00:58
59/90	0.0165|0.0931	0.9966|0.9118	232|29     	232|26     	1.0|0.9     	1.0|1.0 	11:01:06
60/90	0.0155|0.0883	0.9933|0.8824	235|28     	233|25     	0.99|0.89     	1.0|0.96 	11:01:15
61/90	0.0144|0.0834	1.0|0.8824	233|28     	233|25     	1.0|0.89     	1.0|0.96 	11:01:24
62/90	0.0145|0.0928	1.0|0.9118	233|29     	233|26     	1.0|0.9     	1.0|1.0 	11:01:32
63/90	0.0133|0.0921	1.0|0.9118	233|29     	233|26     	1.0|0.9     	1.0|1.0 	11:01:41
64/90	0.0124|0.0843	1.0|0.8824	233|28     	233|25     	1.0|0.89     	1.0|0.96 	11:01:50
65/90	0.0126|0.0933	1.0|0.9118	233|29     	233|26     	1.0|0.9     	1.0|1.0 	11:01:58
66/90	0.0112|0.0938	1.0|0.9118	233|29     	233|26     	1.0|0.9     	1.0|1.0 	11:02:07
67/90	0.0114|0.0832	1.0|0.8824	233|28     	233|25     	1.0|0.89     	1.0|0.96 	11:02:16
68/90	0.0115|0.0927	1.0|0.9118	233|29     	233|26     	1.0|0.9     	1.0|1.0 	11:02:24
69/90	0.0104|0.0921	1.0|0.9118	233|29     	233|26     	1.0|0.9     	1.0|1.0 	11:02:33
70/90	0.01|0.0827	1.0|0.8824	233|28     	233|25     	1.0|0.89     	1.0|0.96 	11:02:42
71/90	0.0104|0.093	1.0|0.9118	233|29     	233|26     	1.0|0.9     	1.0|1.0 	11:02:50
72/90	0.01|0.0907	1.0|0.9118	233|29     	233|26     	1.0|0.9     	1.0|1.0 	11:02:59
73/90	0.0095|0.0836	1.0|0.8824	233|28     	233|25     	1.0|0.89     	1.0|0.96 	11:03:08
74/90	0.0096|0.0949	1.0|0.9118	233|29     	233|26     	1.0|0.9     	1.0|1.0 	11:03:16
75/90	0.0093|0.0911	1.0|0.9118	233|29     	233|26     	1.0|0.9     	1.0|1.0 	11:03:25
76/90	0.0088|0.0853	1.0|0.8824	233|28     	233|25     	1.0|0.89     	1.0|0.96 	11:03:33
77/90	0.0091|0.0944	1.0|0.9118	233|29     	233|26     	1.0|0.9     	1.0|1.0 	11:03:42
78/90	0.0086|0.0881	1.0|0.9118	233|29     	233|26     	1.0|0.9     	1.0|1.0 	11:03:51
79/90	0.0083|0.0853	1.0|0.9118	233|29     	233|26     	1.0|0.9     	1.0|1.0 	11:03:59
80/90	0.0082|0.0907	1.0|0.9118	233|29     	233|26     	1.0|0.9     	1.0|1.0 	11:04:08
81/90	0.0081|0.0866	1.0|0.9118	233|29     	233|26     	1.0|0.9     	1.0|1.0 	11:04:17
82/90	0.008|0.0865	1.0|0.9118	233|29     	233|26     	1.0|0.9     	1.0|1.0 	11:04:25
83/90	0.0078|0.0902	1.0|0.9118	233|29     	233|26     	1.0|0.9     	1.0|1.0 	11:04:34
84/90	0.0078|0.0842	1.0|0.8824	233|28     	233|25     	1.0|0.89     	1.0|0.96 	11:04:43
85/90	0.0077|0.0895	1.0|0.9118	233|29     	233|26     	1.0|0.9     	1.0|1.0 	11:04:51
86/90	0.0075|0.087	1.0|0.9118	233|29     	233|26     	1.0|0.9     	1.0|1.0 	11:05:00
87/90	0.0075|0.0865	1.0|0.9118	233|29     	233|26     	1.0|0.9     	1.0|1.0 	11:05:08
88/90	0.0075|0.0873	1.0|0.9118	233|29     	233|26     	1.0|0.9     	1.0|1.0 	11:05:17
89/90	0.0072|0.0844	1.0|0.9118	233|29     	233|26     	1.0|0.9     	1.0|1.0 	11:05:26
90/90	0.0073|0.086	1.0|0.9118	233|29     	233|26     	1.0|0.9     	1.0|1.0 	11:05:34
model loaded from: run/attenzione_0/06_10_52_31/model.pth

AUC: 0.9471153846153846
